2.937661809775079
3.071381013450946
2.8397223667590343
2.6382393439739342
2.687370579498893
2.7093611220431586
2.515819051308246
2.527111423469109
2.791055805623461
2.767225019334787
2.6696273759982465
2.8609656428190084
2.572743420384773
2.6341689096295156
3.003858784066779
3.0537121447358837
3.0255390621309917
3.0119539311535166
3.0326504598078277
2.5918163829697476
2.657161355735585
2.8332394812427633
3.039893251391631
2.934145082048179
2.973194348134234
2.765735989848405
2.768024999048242
2.666275433188035
2.8235756680842314
3.0165771131262784
2.6388548029295853
2.982991874078494
2.8567564874667815
2.448528718203258
2.9724106348277863
2.770682038165404
2.7830347389091914
2.8245582587715248
2.79239086938341
2.514304847497978
2.6323415422602583
2.6692538175182765
2.926774877876759
2.968533650795237
3.0308860152141897
3.0174740723990254
3.012674250926244
2.922354778012149
2.755366131634015
2.930338238133753
2.98728850539521
2.938860872206849
3.079934741369545
2.9897142325418717
2.407389025428876
2.719464618711188
3.0047979530662783
2.988316386414886
3.0218423616574936
2.97280715158128
3.0291879853213945
2.970609847597423
2.8856912773886263
2.8580598250624987
3.0679630507226783
3.053702244620593
3.0097049068826656
2.9971605464740185
2.9908739714959323
2.80479626198038
2.8068995755739157
3.0982029536895945
3.0085869448687865
3.067389603154787
3.0718383543456955
2.9257690536919014
2.749404340228047
2.7811859355279442
2.9900143316519947
3.003132654313097
2.9769372752923546
3.0101981671715885
2.89809174812348
2.7680878293228544
2.97139463207087
3.00738222080061
2.729441683723419
2.8564609827551344
2.6701945889227625
2.062252458334513
2.829562909780887
2.936546983456489
2.9938661855414397
2.6317237744385986
2.800664691469635
2.845291668010944
2.513695457400861
2.733388020454414
2.9261871311256904
2.4845346412122153
2.1125190984018096
2.0719481273149345
2.4248349154640594
2.476747682857506
2.504249303124981
2.4136829418164116
2.2862934689065777
2.5085110608074452
2.6821072912217843
2.667670144782928
2.394377105028484
2.3700268565759965
2.875655699186588
2.872665568134485
2.5536033977083767
2.5908481197160267
2.787828651862686
2.85938232542906
2.819784277102948
2.5120226727412263
2.6437062204803103
2.3716772466803064
2.814697335042257
2.829830494906238
2.8083279105894485
2.914841545897469
2.9320614128201368
2.930873864744049
2.677431008856151
2.913708755839811
2.5925952671788663
2.629485496679811
2.571530476409947
2.8548261533320978
2.9335890197166234
2.531884632512365
2.63644920607399
2.857834481805089
2.2196681983383266
2.5221233750820358
2.869184403787778
3.125185573692756
2.9179022339028755
2.9946325903123037
3.0547266444578325
2.7381574276689697
2.5934245031139
2.973830504572819
3.078922244351504
2.9855296831514972
3.030024047871301
3.0801674419267253
2.7875506243906867
2.6739615152101006
2.887994513271487
3.074023424687563
3.008857089223668
2.9684222617389526
3.0658937550131093
2.565072135386147
2.579778633240895
2.833370974497387
3.069070687736612
2.9293403456012235
2.974953540530134
3.066659772061151
2.8405023247298007
2.8713316594138827
2.894827454265083
2.9676202169409116
3.011101898765559
2.9642846581672506
2.949204254135695
2.7219400881499456
2.6114570302875197
3.0086776620771376
3.0864261922368543
3.051273501549195
2.9737506656627115
2.9599473899744946
2.636275753344157
2.932955571272693
3.035093811346296
3.0969904686445506
3.107310973631497
2.941759177406462
2.8562315294402367
2.9023553599885865
2.949165852143075
3.077645410012427
3.0062524708551175
2.9855762201334786
3.0167709844836126
2.9574068437261958
3.0080404958943903
2.867532257579163
2.694049688570286
2.896045082940581
2.0552815813566156
2.368129067142875
2.937911584567043
2.496642393065777
2.587549069952233
2.6968412189933892
2.83180543815959
2.248998879415086
2.360976933406475
2.858372248760571
2.2805480921110957
2.6176440320356025
2.9153320088333423
3.0467754980857737
3.0132778032624183
2.984339088708591
2.9671945745548673
2.8833014997430335
